0 000105504 -120.856111 56.244722 680.0
1 124000102402 -127.168542 54.778486 495.0
2 000102503 -128.6075 54.52167 69.0
3 000105101 -126.645 54.3972 600.0
4 000105201 -125.7643 54.2307 709.0
5 000103904 -128.639131 54.066909 92.0
6 000103901 -128.671436 54.05389 13.0
7 000103902 -128.70269 54.029194 9.0
8 000106900 -124.0061 54.0163 640.0
9 000103905 -128.650768 53.973228 4.0
10 000100202 -122.74194 53.91472 577.0
11 124000101706 -122.4934 52.96936 475.0
12 124000106101 -119.269821 52.832459 791.0
13 000102701 -122.150391 52.14428 660.0
14 000103202 -116.966 51.2975 789.0
15 000100401 -120.334016 50.67477 364.0
16 000104003 -119.270723 50.260617 377.0
17 000105001 -122.960402 50.144285 651.0
18 000102801 -125.2484 50.018425 59.0
19 124000103011 -114.93342 50.007794 1335.0
20 124000100703 -119.467461 49.862119 350.0
21 124000103021 -114.88766 49.732786 1136.0
22 000101603 -123.15133 49.70516 4.0
23 124000101904 -115.753682 49.507103 941.0
24 000105301 -123.479185 49.438848 78.0
25 000101401 -121.49944 49.36972 36.0
26 124000100138 -123.277 49.368 56.0
27 000100132 -123.083611 49.323891 64.0
28 000103502 -117.661527 49.317698 436.0
29 124000100121 -123.02 49.3 4.0
30 000100111 -122.84917 49.28083 0.0
31 000100110 -122.9711 49.2794 110.0
32 000102602 -124.806628 49.261014 14.0
33 124000100141 -123.077811 49.26029 30.0
34 000101202 -122.70889 49.24528 2.0
35 124000100145 -121.77478 49.23836 17.0
36 124000100103 -122.894487 49.227045 48.0
37 000100119 -122.98556 49.21528 122.0
38 000102102 -123.99389 49.20083 110.0
39 000100134 -123.15222 49.18639 2.0
40 000100125 -122.90167 49.15833 109.0
41 000101101 -121.94056 49.15611 12.0
42 000100128 -123.10833 49.14139 2.0
43 000100127 -122.69417 49.13278 84.0
44 000102103 -123.850165 49.114165 23.0
45 000101301 -122.56694 49.09556 87.0
46 000101003 -122.30972 49.04278 54.0
47 000104101 -118.439088 49.031168 516.0
48 000101005 -122.326556 49.021506 65.0
49 000100140 -123.082017 49.009869 58.0
50 000106701 -123.653929 48.874529 38.0
51 000104804 -123.717307 48.786114 30.0
52 000100304 -123.363165 48.441942 29.0
53 000100308 -123.49278 48.42389 77.0
54 530730005 -122.554398 48.950699 27.0
55 530730019 -122.456463 48.760036 26.0
56 530650005 -117.903222 48.54469 495.0
57 530570011 -122.613213 48.52008 4.0
58 530579999 -122.560402 48.465352 24.0
59 530570015 -122.337601 48.410198 6.0
60 530470013 -119.518959 48.39999 261.0
61 530090015 -124.610046 48.366058 0.0
62 530470009 -120.12007 48.36472 492.0
63 530610020 -121.603104 48.246799 176.0
64 530310003 -122.7789 48.129101 11.0
65 530090017 -123.436434 48.115 30.0
66 530611007 -122.171529 48.054315 9.0
67 840530610022 -122.26982 47.89371 175.0
68 530070007 -120.02306 47.83861 333.0
69 530639995 -117.34327 47.808226 579.0
70 530330024 -122.277192 47.753633 17.0
71 530630047 -117.42631 47.69983 626.0
72 530630021 -117.364899 47.672501 585.0
73 840530630017 -117.25765 47.663962 614.0
74 840530630054 -117.3678 47.65709 589.0
75 530639999 -117.589027 47.645351 727.0
76 530330031 -122.148397 47.600863 90.0
77 530070010 -120.6647 47.5988 364.0
78 530330030 -122.319722 47.597222 42.0
79 530350007 -122.627397 47.592675 80.0
80 530330080 -122.308628 47.568236 102.0
81 530330057 -122.338265 47.559975 4.0
82 530331011 -122.3203 47.5297 6.0
83 840530330069 -122.278385 47.498535 7.0
84 530330017 -121.772697 47.4902 139.0
85 530070011 -120.34195 47.43061 248.0
86 840530250003 -119.489855 47.385564 340.0
87 840530330047 -122.2233 47.2814 34.0
88 530251003 -119.84595 47.24126 399.0
89 530750006 -117.369134 47.231182 685.0
90 530530024 -122.46256 47.22634 104.0
91 530450007 -123.100807 47.213551 6.0
92 530530029 -122.4517 47.1864 103.0
93 530251002 -119.2737 47.1303 326.0
94 530010003 -118.381868 47.128081 550.0
95 530670013 -122.821503 47.029301 64.0
96 530370002 -120.545 46.9936 469.0
97 530272002 -123.8317 46.9772 10.0
98 530750005 -117.8739 46.8153 463.0
99 530750003 -117.180379 46.724583 769.0
100 840530490003 -123.73176 46.68822 3.0
101 530410004 -122.967323 46.664089 68.0
102 530770009 -120.512283 46.594952 327.0
103 530210002 -119.0021 46.5754 217.0
104 840530230001 -117.614764 46.474438 551.0
105 530030004 -117.059799 46.425598 231.0
106 530770015 -120.332603 46.380199 233.0
107 530770005 -119.9981 46.32033 226.0
108 530130002 -117.985 46.318 487.0
109 530050002 -119.2015 46.2183 156.0
110 840530050004 -119.75267 46.2089 221.0
111 530150015 -122.9619 46.1394 3.0
112 530710005 -118.3514 46.0588 276.0
113 530110022 -122.411926 45.867894 215.0
114 530110024 -122.58737 45.64336 64.0
